1
[10, 5, 4]
[10, 100, 30]
2
[9, 4, 3]
[10, 100, 30]
3 plus
3
[8, 3, 32]
[10, 100, 30]
2 plus
4
[7, 32, 31]
[10, 100, 30]
5
[6, 31, 30]
[10, 100, 30]
6
[5, 30, 29]
[10, 100, 30]
7
[4, 29, 28]
[10, 100, 30]
8
[3, 28, 27]
[10, 100, 30]
1 plus
9
[32, 27, 26]
[10, 100, 30]
10
[31, 26, 25]
[10, 100, 30]
11
[30, 25, 24]
[10, 100, 30]
12
[29, 24, 23]
[10, 100, 30]
13
[28, 23, 22]
[10, 100, 30]
14
[27, 22, 21]
[10, 100, 30]
15
[26, 21, 20]
[10, 100, 30]
16
[25, 20, 19]
[10, 100, 30]
17
[24, 19, 18]
[10, 100, 30]
18
[23, 18, 17]
[10, 100, 30]
19
[22, 17, 16]
[10, 100, 30]
20
[21, 16, 15]
[10, 100, 30]
21
[20, 15, 14]
[10, 100, 30]
22
[19, 14, 13]
[10, 100, 30]
23
[18, 13, 12]
[10, 100, 30]
24
[17, 12, 11]
[10, 100, 30]
25
[16, 11, 10]
[10, 100, 30]
26
[15, 10, 9]
[10, 100, 30]
27
[14, 9, 8]
[10, 100, 30]
28
[13, 8, 7]
[10, 100, 30]
29
[12, 7, 6]
[10, 100, 30]
30
[11, 6, 5]
[10, 100, 30]
31
[10, 5, 4]
[10, 100, 30]
32
[9, 4, 3]
[10, 100, 30]
3 plus
33
[8, 3, 32]
[10, 100, 30]
2 plus
34
[7, 32, 31]
[10, 100, 30]
35
[6, 31, 30]
[10, 100, 30]
36
[5, 30, 29]
[10, 100, 30]
37
[4, 29, 28]
[10, 100, 30]
38
[3, 28, 27]
[10, 100, 30]
1 plus
39
[32, 27, 26]
[10, 100, 30]
40
[31, 26, 25]
[10, 100, 30]
41
[30, 25, 24]
[10, 100, 30]
42
[29, 24, 23]
[10, 100, 30]
43
[28, 23, 22]
[10, 100, 30]
44
[27, 22, 21]
[10, 100, 30]
45
[26, 21, 20]
[10, 100, 30]
46
[25, 20, 19]
[10, 100, 30]
47
[24, 19, 18]
[10, 100, 30]
48
[23, 18, 17]
[10, 100, 30]
49
[22, 17, 16]
[10, 100, 30]
50
[21, 16, 15]
[10, 100, 30]
51
[20, 15, 14]
[10, 100, 30]
52
[19, 14, 13]
[10, 100, 30]
53
[18, 13, 12]
[10, 100, 30]
54
[17, 12, 11]
[10, 100, 30]
55
[16, 11, 10]
[10, 100, 30]
56
[15, 10, 9]
[10, 100, 30]
57
[14, 9, 8]
[10, 100, 30]
58
[13, 8, 7]
[10, 100, 30]
59
[12, 7, 6]
[10, 100, 30]
60
[11, 6, 5]
[10, 100, 30]
61
[10, 5, 4]
[10, 100, 30]
62
[9, 4, 3]
[10, 100, 30]
3 plus
63
[8, 3, 32]
[10, 100, 30]
2 plus
64
[7, 32, 31]
[10, 100, 30]
65
[6, 31, 30]
[10, 100, 30]
66
[5, 30, 29]
[10, 100, 30]
67
[4, 29, 28]
[10, 100, 30]
68
[3, 28, 27]
[10, 100, 30]
1 plus
69
[32, 27, 26]
[10, 100, 30]
70
[31, 26, 25]
[10, 100, 30]
71
[30, 25, 24]
[10, 100, 30]
72
[29, 24, 23]
[10, 100, 30]
73
[28, 23, 22]
[10, 100, 30]
74
[27, 22, 21]
[10, 100, 30]
75
[26, 21, 20]
[10, 100, 30]
76
[25, 20, 19]
[10, 100, 30]
77
[24, 19, 18]
[10, 100, 30]
78
[23, 18, 17]
[10, 100, 30]
79
[22, 17, 16]
[10, 100, 30]
80
[21, 16, 15]
[10, 100, 30]
81
[20, 15, 14]
[10, 100, 30]
82
[19, 14, 13]
[10, 100, 30]
83
[18, 13, 12]
[10, 100, 30]
84
[17, 12, 11]
[10, 100, 30]
85
[16, 11, 10]
[10, 100, 30]
86
[15, 10, 9]
[10, 100, 30]
87
[14, 9, 8]
[10, 100, 30]
88
[13, 8, 7]
[10, 100, 30]
89
[12, 7, 6]
[10, 100, 30]
90
[11, 6, 5]
[10, 100, 30]
91
[10, 5, 4]
[10, 100, 30]
92
[9, 4, 3]
[10, 100, 30]
3 plus
93
[8, 3, 32]
[10, 100, 30]
1 use
1 plus
94
[32, 31]
[100, 30]
95
[31, 30]
[100, 30]
96
[30, 29]
[100, 30]
97
[29, 28]
[100, 30]
98
[28, 27]
[100, 30]
99
[27, 26]
[100, 30]
100
[26, 25]
[100, 30]
101
[25, 24]
[100, 30]
102
[24, 23]
[100, 30]
103
[23, 22]
[100, 30]
104
[22, 21]
[100, 30]
105
[21, 20]
[100, 30]
106
[20, 19]
[100, 30]
107
[19, 18]
[100, 30]
108
[18, 17]
[100, 30]
109
[17, 16]
[100, 30]
110
[16, 15]
[100, 30]
111
[15, 14]
[100, 30]
112
[14, 13]
[100, 30]
113
[13, 12]
[100, 30]
114
[12, 11]
[100, 30]
115
[11, 10]
[100, 30]
116
[10, 9]
[100, 30]
117
[9, 8]
[100, 30]
118
[8, 7]
[100, 30]
119
[7, 6]
[100, 30]
120
[6, 5]
[100, 30]
121
[5, 4]
[100, 30]
122
[4, 3]
[100, 30]
2 plus
123
[3, 32]
[100, 30]
1 plus
124
[32, 31]
[100, 30]
125
[31, 30]
[100, 30]
126
[30, 29]
[100, 30]
127
[29, 28]
[100, 30]
128
[28, 27]
[100, 30]
129
[27, 26]
[100, 30]
130
[26, 25]
[100, 30]
131
[25, 24]
[100, 30]
132
[24, 23]
[100, 30]
133
[23, 22]
[100, 30]
134
[22, 21]
[100, 30]
135
[21, 20]
[100, 30]
136
[20, 19]
[100, 30]
137
[19, 18]
[100, 30]
138
[18, 17]
[100, 30]
139
[17, 16]
[100, 30]
140
[16, 15]
[100, 30]
141
[15, 14]
[100, 30]
142
[14, 13]
[100, 30]
143
[13, 12]
[100, 30]
144
[12, 11]
[100, 30]
145
[11, 10]
[100, 30]
146
[10, 9]
[100, 30]
147
[9, 8]
[100, 30]
148
[8, 7]
[100, 30]
149
[7, 6]
[100, 30]
150
[6, 5]
[100, 30]
151
[5, 4]
[100, 30]
152
[4, 3]
[100, 30]
2 plus
153
[3, 32]
[100, 30]
1 plus
154
[32, 31]
[100, 30]
155
[31, 30]
[100, 30]
156
[30, 29]
[100, 30]
157
[29, 28]
[100, 30]
158
[28, 27]
[100, 30]
159
[27, 26]
[100, 30]
160
[26, 25]
[100, 30]
161
[25, 24]
[100, 30]
162
[24, 23]
[100, 30]
163
[23, 22]
[100, 30]
164
[22, 21]
[100, 30]
165
[21, 20]
[100, 30]
166
[20, 19]
[100, 30]
167
[19, 18]
[100, 30]
168
[18, 17]
[100, 30]
169
[17, 16]
[100, 30]
170
[16, 15]
[100, 30]
171
[15, 14]
[100, 30]
172
[14, 13]
[100, 30]
173
[13, 12]
[100, 30]
174
[12, 11]
[100, 30]
175
[11, 10]
[100, 30]
176
[10, 9]
[100, 30]
177
[9, 8]
[100, 30]
178
[8, 7]
[100, 30]
179
[7, 6]
[100, 30]
180
[6, 5]
[100, 30]
181
[5, 4]
[100, 30]
182
[4, 3]
[100, 30]
2 plus
183
[3, 32]
[100, 30]
1 plus
184
[32, 31]
[100, 30]
185
[31, 30]
[100, 30]
186
[30, 29]
[100, 30]
187
[29, 28]
[100, 30]
188
[28, 27]
[100, 30]
189
[27, 26]
[100, 30]
190
[26, 25]
[100, 30]
191
[25, 24]
[100, 30]
192
[24, 23]
[100, 30]
193
[23, 22]
[100, 30]
194
[22, 21]
[100, 30]
195
[21, 20]
[100, 30]
196
[20, 19]
[100, 30]
197
[19, 18]
[100, 30]
198
[18, 17]
[100, 30]
199
[17, 16]
[100, 30]
200
[16, 15]
[100, 30]
201
[15, 14]
[100, 30]
202
[14, 13]
[100, 30]
203
[13, 12]
[100, 30]
204
[12, 11]
[100, 30]
205
[11, 10]
[100, 30]
206
[10, 9]
[100, 30]
207
[9, 8]
[100, 30]
208
[8, 7]
[100, 30]
209
[7, 6]
[100, 30]
210
[6, 5]
[100, 30]
211
[5, 4]
[100, 30]
212
[4, 3]
[100, 30]
2 plus
213
[3, 32]
[100, 30]
1 plus
214
[32, 31]
[100, 30]
215
[31, 30]
[100, 30]
216
[30, 29]
[100, 30]
217
[29, 28]
[100, 30]
218
[28, 27]
[100, 30]
219
[27, 26]
[100, 30]
220
[26, 25]
[100, 30]
221
[25, 24]
[100, 30]
222
[24, 23]
[100, 30]
223
[23, 22]
[100, 30]
224
[22, 21]
[100, 30]
225
[21, 20]
[100, 30]
226
[20, 19]
[100, 30]
227
[19, 18]
[100, 30]
228
[18, 17]
[100, 30]
229
[17, 16]
[100, 30]
230
[16, 15]
[100, 30]
231
[15, 14]
[100, 30]
232
[14, 13]
[100, 30]
233
[13, 12]
[100, 30]
234
[12, 11]
[100, 30]
235
[11, 10]
[100, 30]
236
[10, 9]
[100, 30]
237
[9, 8]
[100, 30]
238
[8, 7]
[100, 30]
239
[7, 6]
[100, 30]
240
[6, 5]
[100, 30]
241
[5, 4]
[100, 30]
242
[4, 3]
[100, 30]
2 plus
243
[3, 32]
[100, 30]
1 plus
244
[32, 31]
[100, 30]
245
[31, 30]
[100, 30]
246
[30, 29]
[100, 30]
247
[29, 28]
[100, 30]
248
[28, 27]
[100, 30]
249
[27, 26]
[100, 30]
250
[26, 25]
[100, 30]
251
[25, 24]
[100, 30]
252
[24, 23]
[100, 30]
253
[23, 22]
[100, 30]
254
[22, 21]
[100, 30]
255
[21, 20]
[100, 30]
256
[20, 19]
[100, 30]
257
[19, 18]
[100, 30]
258
[18, 17]
[100, 30]
259
[17, 16]
[100, 30]
260
[16, 15]
[100, 30]
261
[15, 14]
[100, 30]
262
[14, 13]
[100, 30]
263
[13, 12]
[100, 30]
264
[12, 11]
[100, 30]
265
[11, 10]
[100, 30]
266
[10, 9]
[100, 30]
267
[9, 8]
[100, 30]
268
[8, 7]
[100, 30]
269
[7, 6]
[100, 30]
270
[6, 5]
[100, 30]
271
[5, 4]
[100, 30]
272
[4, 3]
[100, 30]
2 plus
273
[3, 32]
[100, 30]
1 plus
274
[32, 31]
[100, 30]
275
[31, 30]
[100, 30]
276
[30, 29]
[100, 30]
277
[29, 28]
[100, 30]
278
[28, 27]
[100, 30]
279
[27, 26]
[100, 30]
280
[26, 25]
[100, 30]
281
[25, 24]
[100, 30]
282
[24, 23]
[100, 30]
283
[23, 22]
[100, 30]
284
[22, 21]
[100, 30]
285
[21, 20]
[100, 30]
286
[20, 19]
[100, 30]
287
[19, 18]
[100, 30]
288
[18, 17]
[100, 30]
289
[17, 16]
[100, 30]
290
[16, 15]
[100, 30]
291
[15, 14]
[100, 30]
292
[14, 13]
[100, 30]
293
[13, 12]
[100, 30]
294
[12, 11]
[100, 30]
295
[11, 10]
[100, 30]
296
[10, 9]
[100, 30]
297
[9, 8]
[100, 30]
298
[8, 7]
[100, 30]
299
[7, 6]
[100, 30]
300
[6, 5]
[100, 30]
301
[5, 4]
[100, 30]
302
[4, 3]
[100, 30]
2 plus
303
[3, 32]
[100, 30]
1 plus
304
[32, 31]
[100, 30]
305
[31, 30]
[100, 30]
306
[30, 29]
[100, 30]
307
[29, 28]
[100, 30]
308
[28, 27]
[100, 30]
309
[27, 26]
[100, 30]
310
[26, 25]
[100, 30]
311
[25, 24]
[100, 30]
312
[24, 23]
[100, 30]
313
[23, 22]
[100, 30]
314
[22, 21]
[100, 30]
315
[21, 20]
[100, 30]
316
[20, 19]
[100, 30]
317
[19, 18]
[100, 30]
318
[18, 17]
[100, 30]
319
[17, 16]
[100, 30]
320
[16, 15]
[100, 30]
321
[15, 14]
[100, 30]
322
[14, 13]
[100, 30]
323
[13, 12]
[100, 30]
324
[12, 11]
[100, 30]
325
[11, 10]
[100, 30]
326
[10, 9]
[100, 30]
327
[9, 8]
[100, 30]
328
[8, 7]
[100, 30]
329
[7, 6]
[100, 30]
330
[6, 5]
[100, 30]
331
[5, 4]
[100, 30]
332
[4, 3]
[100, 30]
2 plus
333
[3, 32]
[100, 30]
1 plus
334
[32, 31]
[100, 30]
335
[31, 30]
[100, 30]
336
[30, 29]
[100, 30]
337
[29, 28]
[100, 30]
338
[28, 27]
[100, 30]
339
[27, 26]
[100, 30]
340
[26, 25]
[100, 30]
341
[25, 24]
[100, 30]
342
[24, 23]
[100, 30]
343
[23, 22]
[100, 30]
344
[22, 21]
[100, 30]
345
[21, 20]
[100, 30]
346
[20, 19]
[100, 30]
347
[19, 18]
[100, 30]
348
[18, 17]
[100, 30]
349
[17, 16]
[100, 30]
350
[16, 15]
[100, 30]
351
[15, 14]
[100, 30]
352
[14, 13]
[100, 30]
353
[13, 12]
[100, 30]
354
[12, 11]
[100, 30]
355
[11, 10]
[100, 30]
356
[10, 9]
[100, 30]
357
[9, 8]
[100, 30]
358
[8, 7]
[100, 30]
359
[7, 6]
[100, 30]
360
[6, 5]
[100, 30]
361
[5, 4]
[100, 30]
362
[4, 3]
[100, 30]
2 plus
363
[3, 32]
[100, 30]
1 plus
364
[32, 31]
[100, 30]
365
[31, 30]
[100, 30]
366
[30, 29]
[100, 30]
367
[29, 28]
[100, 30]
368
[28, 27]
[100, 30]
369
[27, 26]
[100, 30]
370
[26, 25]
[100, 30]
371
[25, 24]
[100, 30]
372
[24, 23]
[100, 30]
373
[23, 22]
[100, 30]
374
[22, 21]
[100, 30]
375
[21, 20]
[100, 30]
376
[20, 19]
[100, 30]
377
[19, 18]
[100, 30]
378
[18, 17]
[100, 30]
379
[17, 16]
[100, 30]
380
[16, 15]
[100, 30]
381
[15, 14]
[100, 30]
382
[14, 13]
[100, 30]
383
[13, 12]
[100, 30]
384
[12, 11]
[100, 30]
385
[11, 10]
[100, 30]
386
[10, 9]
[100, 30]
387
[9, 8]
[100, 30]
388
[8, 7]
[100, 30]
389
[7, 6]
[100, 30]
390
[6, 5]
[100, 30]
391
[5, 4]
[100, 30]
392
[4, 3]
[100, 30]
2 plus
393
[3, 32]
[100, 30]
2 use
1 plus
394
[32]
[100]
395
[31]
[100]
396
[30]
[100]
397
[29]
[100]
398
[28]
[100]
399
[27]
[100]
400
[26]
[100]
401
[25]
[100]
402
[24]
[100]
403
[23]
[100]
404
[22]
[100]
405
[21]
[100]
406
[20]
[100]
407
[19]
[100]
408
[18]
[100]
409
[17]
[100]
410
[16]
[100]
411
[15]
[100]
412
[14]
[100]
413
[13]
[100]
414
[12]
[100]
415
[11]
[100]
416
[10]
[100]
417
[9]
[100]
418
[8]
[100]
419
[7]
[100]
420
[6]
[100]
421
[5]
[100]
422
[4]
[100]
423
[3]
[100]
1 plus
424
[32]
[100]
425
[31]
[100]
426
[30]
[100]
427
[29]
[100]
428
[28]
[100]
429
[27]
[100]
430
[26]
[100]
431
[25]
[100]
432
[24]
[100]
433
[23]
[100]
434
[22]
[100]
435
[21]
[100]
436
[20]
[100]
437
[19]
[100]
438
[18]
[100]
439
[17]
[100]
440
[16]
[100]
441
[15]
[100]
442
[14]
[100]
443
[13]
[100]
444
[12]
[100]
445
[11]
[100]
446
[10]
[100]
447
[9]
[100]
448
[8]
[100]
449
[7]
[100]
450
[6]
[100]
451
[5]
[100]
452
[4]
[100]
453
[3]
[100]
1 plus
454
[32]
[100]
455
[31]
[100]
456
[30]
[100]
457
[29]
[100]
458
[28]
[100]
459
[27]
[100]
460
[26]
[100]
461
[25]
[100]
462
[24]
[100]
463
[23]
[100]
464
[22]
[100]
465
[21]
[100]
466
[20]
[100]
467
[19]
[100]
468
[18]
[100]
469
[17]
[100]
470
[16]
[100]
471
[15]
[100]
472
[14]
[100]
473
[13]
[100]
474
[12]
[100]
475
[11]
[100]
476
[10]
[100]
477
[9]
[100]
478
[8]
[100]
479
[7]
[100]
480
[6]
[100]
481
[5]
[100]
482
[4]
[100]
483
[3]
[100]
1 plus
484
[32]
[100]
485
[31]
[100]
486
[30]
[100]
487
[29]
[100]
488
[28]
[100]
489
[27]
[100]
490
[26]
[100]
491
[25]
[100]
492
[24]
[100]
493
[23]
[100]
494
[22]
[100]
495
[21]
[100]
496
[20]
[100]
497
[19]
[100]
498
[18]
[100]
499
[17]
[100]
500
[16]
[100]
501
[15]
[100]
502
[14]
[100]
503
[13]
[100]
504
[12]
[100]
505
[11]
[100]
506
[10]
[100]
507
[9]
[100]
508
[8]
[100]
509
[7]
[100]
510
[6]
[100]
511
[5]
[100]
512
[4]
[100]
513
[3]
[100]
1 plus
514
[32]
[100]
515
[31]
[100]
516
[30]
[100]
517
[29]
[100]
518
[28]
[100]
519
[27]
[100]
520
[26]
[100]
521
[25]
[100]
522
[24]
[100]
523
[23]
[100]
524
[22]
[100]
525
[21]
[100]
526
[20]
[100]
527
[19]
[100]
528
[18]
[100]
529
[17]
[100]
530
[16]
[100]
531
[15]
[100]
532
[14]
[100]
533
[13]
[100]
534
[12]
[100]
535
[11]
[100]
536
[10]
[100]
537
[9]
[100]
538
[8]
[100]
539
[7]
[100]
540
[6]
[100]
541
[5]
[100]
542
[4]
[100]
543
[3]
[100]
1 plus
544
[32]
[100]
545
[31]
[100]
546
[30]
[100]
547
[29]
[100]
548
[28]
[100]
549
[27]
[100]
550
[26]
[100]
551
[25]
[100]
552
[24]
[100]
553
[23]
[100]
554
[22]
[100]
555
[21]
[100]
556
[20]
[100]
557
[19]
[100]
558
[18]
[100]
559
[17]
[100]
560
[16]
[100]
561
[15]
[100]
562
[14]
[100]
563
[13]
[100]
564
[12]
[100]
565
[11]
[100]
566
[10]
[100]
567
[9]
[100]
568
[8]
[100]
569
[7]
[100]
570
[6]
[100]
571
[5]
[100]
572
[4]
[100]
573
[3]
[100]
1 plus
574
[32]
[100]
575
[31]
[100]
576
[30]
[100]
577
[29]
[100]
578
[28]
[100]
579
[27]
[100]
580
[26]
[100]
581
[25]
[100]
582
[24]
[100]
583
[23]
[100]
584
[22]
[100]
585
[21]
[100]
586
[20]
[100]
587
[19]
[100]
588
[18]
[100]
589
[17]
[100]
590
[16]
[100]
591
[15]
[100]
592
[14]
[100]
593
[13]
[100]
594
[12]
[100]
595
[11]
[100]
596
[10]
[100]
597
[9]
[100]
598
[8]
[100]
599
[7]
[100]
600
[6]
[100]
601
[5]
[100]
602
[4]
[100]
603
[3]
[100]
1 plus
604
[32]
[100]
605
[31]
[100]
606
[30]
[100]
607
[29]
[100]
608
[28]
[100]
609
[27]
[100]
610
[26]
[100]
611
[25]
[100]
612
[24]
[100]
613
[23]
[100]
614
[22]
[100]
615
[21]
[100]
616
[20]
[100]
617
[19]
[100]
618
[18]
[100]
619
[17]
[100]
620
[16]
[100]
621
[15]
[100]
622
[14]
[100]
623
[13]
[100]
624
[12]
[100]
625
[11]
[100]
626
[10]
[100]
627
[9]
[100]
628
[8]
[100]
629
[7]
[100]
630
[6]
[100]
631
[5]
[100]
632
[4]
[100]
633
[3]
[100]
1 plus
634
[32]
[100]
635
[31]
[100]
636
[30]
[100]
637
[29]
[100]
638
[28]
[100]
639
[27]
[100]
640
[26]
[100]
641
[25]
[100]
642
[24]
[100]
643
[23]
[100]
644
[22]
[100]
645
[21]
[100]
646
[20]
[100]
647
[19]
[100]
648
[18]
[100]
649
[17]
[100]
650
[16]
[100]
651
[15]
[100]
652
[14]
[100]
653
[13]
[100]
654
[12]
[100]
655
[11]
[100]
656
[10]
[100]
657
[9]
[100]
658
[8]
[100]
659
[7]
[100]
660
[6]
[100]
661
[5]
[100]
662
[4]
[100]
663
[3]
[100]
1 plus
664
[32]
[100]
665
[31]
[100]
666
[30]
[100]
667
[29]
[100]
668
[28]
[100]
669
[27]
[100]
670
[26]
[100]
671
[25]
[100]
672
[24]
[100]
673
[23]
[100]
674
[22]
[100]
675
[21]
[100]
676
[20]
[100]
677
[19]
[100]
678
[18]
[100]
679
[17]
[100]
680
[16]
[100]
681
[15]
[100]
682
[14]
[100]
683
[13]
[100]
684
[12]
[100]
685
[11]
[100]
686
[10]
[100]
687
[9]
[100]
688
[8]
[100]
689
[7]
[100]
690
[6]
[100]
691
[5]
[100]
692
[4]
[100]
693
[3]
[100]
1 plus
694
[32]
[100]
695
[31]
[100]
696
[30]
[100]
697
[29]
[100]
698
[28]
[100]
699
[27]
[100]
700
[26]
[100]
701
[25]
[100]
702
[24]
[100]
703
[23]
[100]
704
[22]
[100]
705
[21]
[100]
706
[20]
[100]
707
[19]
[100]
708
[18]
[100]
709
[17]
[100]
710
[16]
[100]
711
[15]
[100]
712
[14]
[100]
713
[13]
[100]
714
[12]
[100]
715
[11]
[100]
716
[10]
[100]
717
[9]
[100]
718
[8]
[100]
719
[7]
[100]
720
[6]
[100]
721
[5]
[100]
722
[4]
[100]
723
[3]
[100]
1 plus
724
[32]
[100]
725
[31]
[100]
726
[30]
[100]
727
[29]
[100]
728
[28]
[100]
729
[27]
[100]
730
[26]
[100]
731
[25]
[100]
732
[24]
[100]
733
[23]
[100]
734
[22]
[100]
735
[21]
[100]
736
[20]
[100]
737
[19]
[100]
738
[18]
[100]
739
[17]
[100]
740
[16]
[100]
741
[15]
[100]
742
[14]
[100]
743
[13]
[100]
744
[12]
[100]
745
[11]
[100]
746
[10]
[100]
747
[9]
[100]
748
[8]
[100]
749
[7]
[100]
750
[6]
[100]
751
[5]
[100]
752
[4]
[100]
753
[3]
[100]
1 plus
754
[32]
[100]
755
[31]
[100]
756
[30]
[100]
757
[29]
[100]
758
[28]
[100]
759
[27]
[100]
760
[26]
[100]
761
[25]
[100]
762
[24]
[100]
763
[23]
[100]
764
[22]
[100]
765
[21]
[100]
766
[20]
[100]
767
[19]
[100]
768
[18]
[100]
769
[17]
[100]
770
[16]
[100]
771
[15]
[100]
772
[14]
[100]
773
[13]
[100]
774
[12]
[100]
775
[11]
[100]
776
[10]
[100]
777
[9]
[100]
778
[8]
[100]
779
[7]
[100]
780
[6]
[100]
781
[5]
[100]
782
[4]
[100]
783
[3]
[100]
1 plus
784
[32]
[100]
785
[31]
[100]
786
[30]
[100]
787
[29]
[100]
788
[28]
[100]
789
[27]
[100]
790
[26]
[100]
791
[25]
[100]
792
[24]
[100]
793
[23]
[100]
794
[22]
[100]
795
[21]
[100]
796
[20]
[100]
797
[19]
[100]
798
[18]
[100]
799
[17]
[100]
800
[16]
[100]
801
[15]
[100]
802
[14]
[100]
803
[13]
[100]
804
[12]
[100]
805
[11]
[100]
806
[10]
[100]
807
[9]
[100]
808
[8]
[100]
809
[7]
[100]
810
[6]
[100]
811
[5]
[100]
812
[4]
[100]
813
[3]
[100]
1 plus
814
[32]
[100]
815
[31]
[100]
816
[30]
[100]
817
[29]
[100]
818
[28]
[100]
819
[27]
[100]
820
[26]
[100]
821
[25]
[100]
822
[24]
[100]
823
[23]
[100]
824
[22]
[100]
825
[21]
[100]
826
[20]
[100]
827
[19]
[100]
828
[18]
[100]
829
[17]
[100]
830
[16]
[100]
831
[15]
[100]
832
[14]
[100]
833
[13]
[100]
834
[12]
[100]
835
[11]
[100]
836
[10]
[100]
837
[9]
[100]
838
[8]
[100]
839
[7]
[100]
840
[6]
[100]
841
[5]
[100]
842
[4]
[100]
843
[3]
[100]
1 plus
844
[32]
[100]
845
[31]
[100]
846
[30]
[100]
847
[29]
[100]
848
[28]
[100]
849
[27]
[100]
850
[26]
[100]
851
[25]
[100]
852
[24]
[100]
853
[23]
[100]
854
[22]
[100]
855
[21]
[100]
856
[20]
[100]
857
[19]
[100]
858
[18]
[100]
859
[17]
[100]
860
[16]
[100]
861
[15]
[100]
862
[14]
[100]
863
[13]
[100]
864
[12]
[100]
865
[11]
[100]
866
[10]
[100]
867
[9]
[100]
868
[8]
[100]
869
[7]
[100]
870
[6]
[100]
871
[5]
[100]
872
[4]
[100]
873
[3]
[100]
1 plus
874
[32]
[100]
875
[31]
[100]
876
[30]
[100]
877
[29]
[100]
878
[28]
[100]
879
[27]
[100]
880
[26]
[100]
881
[25]
[100]
882
[24]
[100]
883
[23]
[100]
884
[22]
[100]
885
[21]
[100]
886
[20]
[100]
887
[19]
[100]
888
[18]
[100]
889
[17]
[100]
890
[16]
[100]
891
[15]
[100]
892
[14]
[100]
893
[13]
[100]
894
[12]
[100]
895
[11]
[100]
896
[10]
[100]
897
[9]
[100]
898
[8]
[100]
899
[7]
[100]
900
[6]
[100]
901
[5]
[100]
902
[4]
[100]
903
[3]
[100]
1 plus
904
[32]
[100]
905
[31]
[100]
906
[30]
[100]
907
[29]
[100]
908
[28]
[100]
909
[27]
[100]
910
[26]
[100]
911
[25]
[100]
912
[24]
[100]
913
[23]
[100]
914
[22]
[100]
915
[21]
[100]
916
[20]
[100]
917
[19]
[100]
918
[18]
[100]
919
[17]
[100]
920
[16]
[100]
921
[15]
[100]
922
[14]
[100]
923
[13]
[100]
924
[12]
[100]
925
[11]
[100]
926
[10]
[100]
927
[9]
[100]
928
[8]
[100]
929
[7]
[100]
930
[6]
[100]
931
[5]
[100]
932
[4]
[100]
933
[3]
[100]
1 plus
934
[32]
[100]
935
[31]
[100]
936
[30]
[100]
937
[29]
[100]
938
[28]
[100]
939
[27]
[100]
940
[26]
[100]
941
[25]
[100]
942
[24]
[100]
943
[23]
[100]
944
[22]
[100]
945
[21]
[100]
946
[20]
[100]
947
[19]
[100]
948
[18]
[100]
949
[17]
[100]
950
[16]
[100]
951
[15]
[100]
952
[14]
[100]
953
[13]
[100]
954
[12]
[100]
955
[11]
[100]
956
[10]
[100]
957
[9]
[100]
958
[8]
[100]
959
[7]
[100]
960
[6]
[100]
961
[5]
[100]
962
[4]
[100]
963
[3]
[100]
1 plus
964
[32]
[100]
965
[31]
[100]
966
[30]
[100]
967
[29]
[100]
968
[28]
[100]
969
[27]
[100]
970
[26]
[100]
971
[25]
[100]
972
[24]
[100]
973
[23]
[100]
974
[22]
[100]
975
[21]
[100]
976
[20]
[100]
977
[19]
[100]
978
[18]
[100]
979
[17]
[100]
980
[16]
[100]
981
[15]
[100]
982
[14]
[100]
983
[13]
[100]
984
[12]
[100]
985
[11]
[100]
986
[10]
[100]
987
[9]
[100]
988
[8]
[100]
989
[7]
[100]
990
[6]
[100]
991
[5]
[100]
992
[4]
[100]
993
[3]
[100]
1 plus
994
[32]
[100]
995
[31]
[100]
996
[30]
[100]
997
[29]
[100]
998
[28]
[100]
999
[27]
[100]
1000
[26]
[100]
1001
[25]
[100]
1002
[24]
[100]
1003
[23]
[100]
1004
[22]
[100]
1005
[21]
[100]
1006
[20]
[100]
1007
[19]
[100]
1008
[18]
[100]
1009
[17]
[100]
1010
[16]
[100]
1011
[15]
[100]
1012
[14]
[100]
1013
[13]
[100]
1014
[12]
[100]
1015
[11]
[100]
1016
[10]
[100]
1017
[9]
[100]
1018
[8]
[100]
1019
[7]
[100]
1020
[6]
[100]
1021
[5]
[100]
1022
[4]
[100]
1023
[3]
[100]
1 plus
1024
[32]
[100]
1025
[31]
[100]
1026
[30]
[100]
1027
[29]
[100]
1028
[28]
[100]
1029
[27]
[100]
1030
[26]
[100]
1031
[25]
[100]
1032
[24]
[100]
1033
[23]
[100]
1034
[22]
[100]
1035
[21]
[100]
1036
[20]
[100]
1037
[19]
[100]
1038
[18]
[100]
1039
[17]
[100]
1040
[16]
[100]
1041
[15]
[100]
1042
[14]
[100]
1043
[13]
[100]
1044
[12]
[100]
1045
[11]
[100]
1046
[10]
[100]
1047
[9]
[100]
1048
[8]
[100]
1049
[7]
[100]
1050
[6]
[100]
1051
[5]
[100]
1052
[4]
[100]
1053
[3]
[100]
1 plus
1054
[32]
[100]
1055
[31]
[100]
1056
[30]
[100]
1057
[29]
[100]
1058
[28]
[100]
1059
[27]
[100]
1060
[26]
[100]
1061
[25]
[100]
1062
[24]
[100]
1063
[23]
[100]
1064
[22]
[100]
1065
[21]
[100]
1066
[20]
[100]
1067
[19]
[100]
1068
[18]
[100]
1069
[17]
[100]
1070
[16]
[100]
1071
[15]
[100]
1072
[14]
[100]
1073
[13]
[100]
1074
[12]
[100]
1075
[11]
[100]
1076
[10]
[100]
1077
[9]
[100]
1078
[8]
[100]
1079
[7]
[100]
1080
[6]
[100]
1081
[5]
[100]
1082
[4]
[100]
1083
[3]
[100]
1 plus
1084
[32]
[100]
1085
[31]
[100]
1086
[30]
[100]
1087
[29]
[100]
1088
[28]
[100]
1089
[27]
[100]
1090
[26]
[100]
1091
[25]
[100]
1092
[24]
[100]
1093
[23]
[100]
1094
[22]
[100]
1095
[21]
[100]
1096
[20]
[100]
1097
[19]
[100]
1098
[18]
[100]
1099
[17]
[100]
1100
[16]
[100]
1101
[15]
[100]
1102
[14]
[100]
1103
[13]
[100]
1104
[12]
[100]
1105
[11]
[100]
1106
[10]
[100]
1107
[9]
[100]
1108
[8]
[100]
1109
[7]
[100]
1110
[6]
[100]
1111
[5]
[100]
1112
[4]
[100]
1113
[3]
[100]
1 plus
1114
[32]
[100]
1115
[31]
[100]
1116
[30]
[100]
1117
[29]
[100]
1118
[28]
[100]
1119
[27]
[100]
1120
[26]
[100]
1121
[25]
[100]
1122
[24]
[100]
1123
[23]
[100]
1124
[22]
[100]
1125
[21]
[100]
1126
[20]
[100]
1127
[19]
[100]
1128
[18]
[100]
1129
[17]
[100]
1130
[16]
[100]
1131
[15]
[100]
1132
[14]
[100]
1133
[13]
[100]
1134
[12]
[100]
1135
[11]
[100]
1136
[10]
[100]
1137
[9]
[100]
1138
[8]
[100]
1139
[7]
[100]
1140
[6]
[100]
1141
[5]
[100]
1142
[4]
[100]
1143
[3]
[100]
1 plus
1144
[32]
[100]
1145
[31]
[100]
1146
[30]
[100]
1147
[29]
[100]
1148
[28]
[100]
1149
[27]
[100]
1150
[26]
[100]
1151
[25]
[100]
1152
[24]
[100]
1153
[23]
[100]
1154
[22]
[100]
1155
[21]
[100]
1156
[20]
[100]
1157
[19]
[100]
1158
[18]
[100]
1159
[17]
[100]
1160
[16]
[100]
1161
[15]
[100]
1162
[14]
[100]
1163
[13]
[100]
1164
[12]
[100]
1165
[11]
[100]
1166
[10]
[100]
1167
[9]
[100]
1168
[8]
[100]
1169
[7]
[100]
1170
[6]
[100]
1171
[5]
[100]
1172
[4]
[100]
1173
[3]
[100]
1 plus
1174
[32]
[100]
1175
[31]
[100]
1176
[30]
[100]
1177
[29]
[100]
1178
[28]
[100]
1179
[27]
[100]
1180
[26]
[100]
1181
[25]
[100]
1182
[24]
[100]
1183
[23]
[100]
1184
[22]
[100]
1185
[21]
[100]
1186
[20]
[100]
1187
[19]
[100]
1188
[18]
[100]
1189
[17]
[100]
1190
[16]
[100]
1191
[15]
[100]
1192
[14]
[100]
1193
[13]
[100]
1194
[12]
[100]
1195
[11]
[100]
1196
[10]
[100]
1197
[9]
[100]
1198
[8]
[100]
1199
[7]
[100]
1200
[6]
[100]
1201
[5]
[100]
1202
[4]
[100]
1203
[3]
[100]
1 plus
1204
[32]
[100]
1205
[31]
[100]
1206
[30]
[100]
1207
[29]
[100]
1208
[28]
[100]
1209
[27]
[100]
1210
[26]
[100]
1211
[25]
[100]
1212
[24]
[100]
1213
[23]
[100]
1214
[22]
[100]
1215
[21]
[100]
1216
[20]
[100]
1217
[19]
[100]
1218
[18]
[100]
1219
[17]
[100]
1220
[16]
[100]
1221
[15]
[100]
1222
[14]
[100]
1223
[13]
[100]
1224
[12]
[100]
1225
[11]
[100]
1226
[10]
[100]
1227
[9]
[100]
1228
[8]
[100]
1229
[7]
[100]
1230
[6]
[100]
1231
[5]
[100]
1232
[4]
[100]
1233
[3]
[100]
1 plus
1234
[32]
[100]
1235
[31]
[100]
1236
[30]
[100]
1237
[29]
[100]
1238
[28]
[100]
1239
[27]
[100]
1240
[26]
[100]
1241
[25]
[100]
1242
[24]
[100]
1243
[23]
[100]
1244
[22]
[100]
1245
[21]
[100]
1246
[20]
[100]
1247
[19]
[100]
1248
[18]
[100]
1249
[17]
[100]
1250
[16]
[100]
1251
[15]
[100]
1252
[14]
[100]
1253
[13]
[100]
1254
[12]
[100]
1255
[11]
[100]
1256
[10]
[100]
1257
[9]
[100]
1258
[8]
[100]
1259
[7]
[100]
1260
[6]
[100]
1261
[5]
[100]
1262
[4]
[100]
1263
[3]
[100]
1 plus
1264
[32]
[100]
1265
[31]
[100]
1266
[30]
[100]
1267
[29]
[100]
1268
[28]
[100]
1269
[27]
[100]
1270
[26]
[100]
1271
[25]
[100]
1272
[24]
[100]
1273
[23]
[100]
1274
[22]
[100]
1275
[21]
[100]
1276
[20]
[100]
1277
[19]
[100]
1278
[18]
[100]
1279
[17]
[100]
1280
[16]
[100]
1281
[15]
[100]
1282
[14]
[100]
1283
[13]
[100]
1284
[12]
[100]
1285
[11]
[100]
1286
[10]
[100]
1287
[9]
[100]
1288
[8]
[100]
1289
[7]
[100]
1290
[6]
[100]
1291
[5]
[100]
1292
[4]
[100]
1293
[3]
[100]
1 plus
1294
[32]
[100]
1295
[31]
[100]
1296
[30]
[100]
1297
[29]
[100]
1298
[28]
[100]
1299
[27]
[100]
1300
[26]
[100]
1301
[25]
[100]
1302
[24]
[100]
1303
[23]
[100]
1304
[22]
[100]
1305
[21]
[100]
1306
[20]
[100]
1307
[19]
[100]
1308
[18]
[100]
1309
[17]
[100]
1310
[16]
[100]
1311
[15]
[100]
1312
[14]
[100]
1313
[13]
[100]
1314
[12]
[100]
1315
[11]
[100]
1316
[10]
[100]
1317
[9]
[100]
1318
[8]
[100]
1319
[7]
[100]
1320
[6]
[100]
1321
[5]
[100]
1322
[4]
[100]
1323
[3]
[100]
1 plus
1324
[32]
[100]
1325
[31]
[100]
1326
[30]
[100]
1327
[29]
[100]
1328
[28]
[100]
1329
[27]
[100]
1330
[26]
[100]
1331
[25]
[100]
1332
[24]
[100]
1333
[23]
[100]
1334
[22]
[100]
1335
[21]
[100]
1336
[20]
[100]
1337
[19]
[100]
1338
[18]
[100]
1339
[17]
[100]
1340
[16]
[100]
1341
[15]
[100]
1342
[14]
[100]
1343
[13]
[100]
1344
[12]
[100]
1345
[11]
[100]
1346
[10]
[100]
1347
[9]
[100]
1348
[8]
[100]
1349
[7]
[100]
1350
[6]
[100]
1351
[5]
[100]
1352
[4]
[100]
1353
[3]
[100]
1 plus
1354
[32]
[100]
1355
[31]
[100]
1356
[30]
[100]
1357
[29]
[100]
1358
[28]
[100]
1359
[27]
[100]
1360
[26]
[100]
1361
[25]
[100]
1362
[24]
[100]
1363
[23]
[100]
1364
[22]
[100]
1365
[21]
[100]
1366
[20]
[100]
1367
[19]
[100]
1368
[18]
[100]
1369
[17]
[100]
1370
[16]
[100]
1371
[15]
[100]
1372
[14]
[100]
1373
[13]
[100]
1374
[12]
[100]
1375
[11]
[100]
1376
[10]
[100]
1377
[9]
[100]
1378
[8]
[100]
1379
[7]
[100]
1380
[6]
[100]
1381
[5]
[100]
1382
[4]
[100]
1383
[3]
[100]
1 plus
1384
[32]
[100]
1385
[31]
[100]
1386
[30]
[100]
1387
[29]
[100]
1388
[28]
[100]
1389
[27]
[100]
1390
[26]
[100]
1391
[25]
[100]
1392
[24]
[100]
1393
[23]
[100]
1394
[22]
[100]
1395
[21]
[100]
1396
[20]
[100]
1397
[19]
[100]
1398
[18]
[100]
1399
[17]
[100]
1400
[16]
[100]
1401
[15]
[100]
1402
[14]
[100]
1403
[13]
[100]
1404
[12]
[100]
1405
[11]
[100]
1406
[10]
[100]
1407
[9]
[100]
1408
[8]
[100]
1409
[7]
[100]
1410
[6]
[100]
1411
[5]
[100]
1412
[4]
[100]
1413
[3]
[100]
1 plus
1414
[32]
[100]
1415
[31]
[100]
1416
[30]
[100]
1417
[29]
[100]
1418
[28]
[100]
1419
[27]
[100]
1420
[26]
[100]
1421
[25]
[100]
1422
[24]
[100]
1423
[23]
[100]
1424
[22]
[100]
1425
[21]
[100]
1426
[20]
[100]
1427
[19]
[100]
1428
[18]
[100]
1429
[17]
[100]
1430
[16]
[100]
1431
[15]
[100]
1432
[14]
[100]
1433
[13]
[100]
1434
[12]
[100]
1435
[11]
[100]
1436
[10]
[100]
1437
[9]
[100]
1438
[8]
[100]
1439
[7]
[100]
1440
[6]
[100]
1441
[5]
[100]
1442
[4]
[100]
1443
[3]
[100]
1 plus
1444
[32]
[100]
1445
[31]
[100]
1446
[30]
[100]
1447
[29]
[100]
1448
[28]
[100]
1449
[27]
[100]
1450
[26]
[100]
1451
[25]
[100]
1452
[24]
[100]
1453
[23]
[100]
1454
[22]
[100]
1455
[21]
[100]
1456
[20]
[100]
1457
[19]
[100]
1458
[18]
[100]
1459
[17]
[100]
1460
[16]
[100]
1461
[15]
[100]
1462
[14]
[100]
1463
[13]
[100]
1464
[12]
[100]
1465
[11]
[100]
1466
[10]
[100]
1467
[9]
[100]
1468
[8]
[100]
1469
[7]
[100]
1470
[6]
[100]
1471
[5]
[100]
1472
[4]
[100]
1473
[3]
[100]
1 plus
1474
[32]
[100]
1475
[31]
[100]
1476
[30]
[100]
1477
[29]
[100]
1478
[28]
[100]
1479
[27]
[100]
1480
[26]
[100]
1481
[25]
[100]
1482
[24]
[100]
1483
[23]
[100]
1484
[22]
[100]
1485
[21]
[100]
1486
[20]
[100]
1487
[19]
[100]
1488
[18]
[100]
1489
[17]
[100]
1490
[16]
[100]
1491
[15]
[100]
1492
[14]
[100]
1493
[13]
[100]
1494
[12]
[100]
1495
[11]
[100]
1496
[10]
[100]
1497
[9]
[100]
1498
[8]
[100]
1499
[7]
[100]
1500
[6]
[100]
1501
[5]
[100]
1502
[4]
[100]
1503
[3]
[100]
1 plus
1504
[32]
[100]
1505
[31]
[100]
1506
[30]
[100]
1507
[29]
[100]
1508
[28]
[100]
1509
[27]
[100]
1510
[26]
[100]
1511
[25]
[100]
1512
[24]
[100]
1513
[23]
[100]
1514
[22]
[100]
1515
[21]
[100]
1516
[20]
[100]
1517
[19]
[100]
1518
[18]
[100]
1519
[17]
[100]
1520
[16]
[100]
1521
[15]
[100]
1522
[14]
[100]
1523
[13]
[100]
1524
[12]
[100]
1525
[11]
[100]
1526
[10]
[100]
1527
[9]
[100]
1528
[8]
[100]
1529
[7]
[100]
1530
[6]
[100]
1531
[5]
[100]
1532
[4]
[100]
1533
[3]
[100]
1 plus
1534
[32]
[100]
1535
[31]
[100]
1536
[30]
[100]
1537
[29]
[100]
1538
[28]
[100]
1539
[27]
[100]
1540
[26]
[100]
1541
[25]
[100]
1542
[24]
[100]
1543
[23]
[100]
1544
[22]
[100]
1545
[21]
[100]
1546
[20]
[100]
1547
[19]
[100]
1548
[18]
[100]
1549
[17]
[100]
1550
[16]
[100]
1551
[15]
[100]
1552
[14]
[100]
1553
[13]
[100]
1554
[12]
[100]
1555
[11]
[100]
1556
[10]
[100]
1557
[9]
[100]
1558
[8]
[100]
1559
[7]
[100]
1560
[6]
[100]
1561
[5]
[100]
1562
[4]
[100]
1563
[3]
[100]
1 plus
1564
[32]
[100]
1565
[31]
[100]
1566
[30]
[100]
1567
[29]
[100]
1568
[28]
[100]
1569
[27]
[100]
1570
[26]
[100]
1571
[25]
[100]
1572
[24]
[100]
1573
[23]
[100]
1574
[22]
[100]
1575
[21]
[100]
1576
[20]
[100]
1577
[19]
[100]
1578
[18]
[100]
1579
[17]
[100]
1580
[16]
[100]
1581
[15]
[100]
1582
[14]
[100]
1583
[13]
[100]
1584
[12]
[100]
1585
[11]
[100]
1586
[10]
[100]
1587
[9]
[100]
1588
[8]
[100]
1589
[7]
[100]
1590
[6]
[100]
1591
[5]
[100]
1592
[4]
[100]
1593
[3]
[100]
1 plus
1594
[32]
[100]
1595
[31]
[100]
1596
[30]
[100]
1597
[29]
[100]
1598
[28]
[100]
1599
[27]
[100]
1600
[26]
[100]
1601
[25]
[100]
1602
[24]
[100]
1603
[23]
[100]
1604
[22]
[100]
1605
[21]
[100]
1606
[20]
[100]
1607
[19]
[100]
1608
[18]
[100]
1609
[17]
[100]
1610
[16]
[100]
1611
[15]
[100]
1612
[14]
[100]
1613
[13]
[100]
1614
[12]
[100]
1615
[11]
[100]
1616
[10]
[100]
1617
[9]
[100]
1618
[8]
[100]
1619
[7]
[100]
1620
[6]
[100]
1621
[5]
[100]
1622
[4]
[100]
1623
[3]
[100]
1 plus
1624
[32]
[100]
1625
[31]
[100]
1626
[30]
[100]
1627
[29]
[100]
1628
[28]
[100]
1629
[27]
[100]
1630
[26]
[100]
1631
[25]
[100]
1632
[24]
[100]
1633
[23]
[100]
1634
[22]
[100]
1635
[21]
[100]
1636
[20]
[100]
1637
[19]
[100]
1638
[18]
[100]
1639
[17]
[100]
1640
[16]
[100]
1641
[15]
[100]
1642
[14]
[100]
1643
[13]
[100]
1644
[12]
[100]
1645
[11]
[100]
1646
[10]
[100]
1647
[9]
[100]
1648
[8]
[100]
1649
[7]
[100]
1650
[6]
[100]
1651
[5]
[100]
1652
[4]
[100]
1653
[3]
[100]
1 plus
1654
[32]
[100]
1655
[31]
[100]
1656
[30]
[100]
1657
[29]
[100]
1658
[28]
[100]
1659
[27]
[100]
1660
[26]
[100]
1661
[25]
[100]
1662
[24]
[100]
1663
[23]
[100]
1664
[22]
[100]
1665
[21]
[100]
1666
[20]
[100]
1667
[19]
[100]
1668
[18]
[100]
1669
[17]
[100]
1670
[16]
[100]
1671
[15]
[100]
1672
[14]
[100]
1673
[13]
[100]
1674
[12]
[100]
1675
[11]
[100]
1676
[10]
[100]
1677
[9]
[100]
1678
[8]
[100]
1679
[7]
[100]
1680
[6]
[100]
1681
[5]
[100]
1682
[4]
[100]
1683
[3]
[100]
1 plus
1684
[32]
[100]
1685
[31]
[100]
1686
[30]
[100]
1687
[29]
[100]
1688
[28]
[100]
1689
[27]
[100]
1690
[26]
[100]
1691
[25]
[100]
1692
[24]
[100]
1693
[23]
[100]
1694
[22]
[100]
1695
[21]
[100]
1696
[20]
[100]
1697
[19]
[100]
1698
[18]
[100]
1699
[17]
[100]
1700
[16]
[100]
1701
[15]
[100]
1702
[14]
[100]
1703
[13]
[100]
1704
[12]
[100]
1705
[11]
[100]
1706
[10]
[100]
1707
[9]
[100]
1708
[8]
[100]
1709
[7]
[100]
1710
[6]
[100]
1711
[5]
[100]
1712
[4]
[100]
1713
[3]
[100]
1 plus
1714
[32]
[100]
1715
[31]
[100]
1716
[30]
[100]
1717
[29]
[100]
1718
[28]
[100]
1719
[27]
[100]
1720
[26]
[100]
1721
[25]
[100]
1722
[24]
[100]
1723
[23]
[100]
1724
[22]
[100]
1725
[21]
[100]
1726
[20]
[100]
1727
[19]
[100]
1728
[18]
[100]
1729
[17]
[100]
1730
[16]
[100]
1731
[15]
[100]
1732
[14]
[100]
1733
[13]
[100]
1734
[12]
[100]
1735
[11]
[100]
1736
[10]
[100]
1737
[9]
[100]
1738
[8]
[100]
1739
[7]
[100]
1740
[6]
[100]
1741
[5]
[100]
1742
[4]
[100]
1743
[3]
[100]
1 plus
1744
[32]
[100]
1745
[31]
[100]
1746
[30]
[100]
1747
[29]
[100]
1748
[28]
[100]
1749
[27]
[100]
1750
[26]
[100]
1751
[25]
[100]
1752
[24]
[100]
1753
[23]
[100]
1754
[22]
[100]
1755
[21]
[100]
1756
[20]
[100]
1757
[19]
[100]
1758
[18]
[100]
1759
[17]
[100]
1760
[16]
[100]
1761
[15]
[100]
1762
[14]
[100]
1763
[13]
[100]
1764
[12]
[100]
1765
[11]
[100]
1766
[10]
[100]
1767
[9]
[100]
1768
[8]
[100]
1769
[7]
[100]
1770
[6]
[100]
1771
[5]
[100]
1772
[4]
[100]
1773
[3]
[100]
1 plus
1774
[32]
[100]
1775
[31]
[100]
1776
[30]
[100]
1777
[29]
[100]
1778
[28]
[100]
1779
[27]
[100]
1780
[26]
[100]
1781
[25]
[100]
1782
[24]
[100]
1783
[23]
[100]
1784
[22]
[100]
1785
[21]
[100]
1786
[20]
[100]
1787
[19]
[100]
1788
[18]
[100]
1789
[17]
[100]
1790
[16]
[100]
1791
[15]
[100]
1792
[14]
[100]
1793
[13]
[100]
1794
[12]
[100]
1795
[11]
[100]
1796
[10]
[100]
1797
[9]
[100]
1798
[8]
[100]
1799
[7]
[100]
1800
[6]
[100]
1801
[5]
[100]
1802
[4]
[100]
1803
[3]
[100]
1 plus
1804
[32]
[100]
1805
[31]
[100]
1806
[30]
[100]
1807
[29]
[100]
1808
[28]
[100]
1809
[27]
[100]
1810
[26]
[100]
1811
[25]
[100]
1812
[24]
[100]
1813
[23]
[100]
1814
[22]
[100]
1815
[21]
[100]
1816
[20]
[100]
1817
[19]
[100]
1818
[18]
[100]
1819
[17]
[100]
1820
[16]
[100]
1821
[15]
[100]
1822
[14]
[100]
1823
[13]
[100]
1824
[12]
[100]
1825
[11]
[100]
1826
[10]
[100]
1827
[9]
[100]
1828
[8]
[100]
1829
[7]
[100]
1830
[6]
[100]
1831
[5]
[100]
1832
[4]
[100]
1833
[3]
[100]
1 plus
1834
[32]
[100]
1835
[31]
[100]
1836
[30]
[100]
1837
[29]
[100]
1838
[28]
[100]
1839
[27]
[100]
1840
[26]
[100]
1841
[25]
[100]
1842
[24]
[100]
1843
[23]
[100]
1844
[22]
[100]
1845
[21]
[100]
1846
[20]
[100]
1847
[19]
[100]
1848
[18]
[100]
1849
[17]
[100]
1850
[16]
[100]
1851
[15]
[100]
1852
[14]
[100]
1853
[13]
[100]
1854
[12]
[100]
1855
[11]
[100]
1856
[10]
[100]
1857
[9]
[100]
1858
[8]
[100]
1859
[7]
[100]
1860
[6]
[100]
1861
[5]
[100]
1862
[4]
[100]
1863
[3]
[100]
1 plus
1864
[32]
[100]
1865
[31]
[100]
1866
[30]
[100]
1867
[29]
[100]
1868
[28]
[100]
1869
[27]
[100]
1870
[26]
[100]
1871
[25]
[100]
1872
[24]
[100]
1873
[23]
[100]
1874
[22]
[100]
1875
[21]
[100]
1876
[20]
[100]
1877
[19]
[100]
1878
[18]
[100]
1879
[17]
[100]
1880
[16]
[100]
1881
[15]
[100]
1882
[14]
[100]
1883
[13]
[100]
1884
[12]
[100]
1885
[11]
[100]
1886
[10]
[100]
1887
[9]
[100]
1888
[8]
[100]
1889
[7]
[100]
1890
[6]
[100]
1891
[5]
[100]
1892
[4]
[100]
1893
[3]
[100]
1 plus
1894
[32]
[100]
1895
[31]
[100]
1896
[30]
[100]
1897
[29]
[100]
1898
[28]
[100]
1899
[27]
[100]
1900
[26]
[100]
1901
[25]
[100]
1902
[24]
[100]
1903
[23]
[100]
1904
[22]
[100]
1905
[21]
[100]
1906
[20]
[100]
1907
[19]
[100]
1908
[18]
[100]
1909
[17]
[100]
1910
[16]
[100]
1911
[15]
[100]
1912
[14]
[100]
1913
[13]
[100]
1914
[12]
[100]
1915
[11]
[100]
1916
[10]
[100]
1917
[9]
[100]
1918
[8]
[100]
1919
[7]
[100]
1920
[6]
[100]
1921
[5]
[100]
1922
[4]
[100]
1923
[3]
[100]
1 plus
1924
[32]
[100]
1925
[31]
[100]
1926
[30]
[100]
1927
[29]
[100]
1928
[28]
[100]
1929
[27]
[100]
1930
[26]
[100]
1931
[25]
[100]
1932
[24]
[100]
1933
[23]
[100]
1934
[22]
[100]
1935
[21]
[100]
1936
[20]
[100]
1937
[19]
[100]
1938
[18]
[100]
1939
[17]
[100]
1940
[16]
[100]
1941
[15]
[100]
1942
[14]
[100]
1943
[13]
[100]
1944
[12]
[100]
1945
[11]
[100]
1946
[10]
[100]
1947
[9]
[100]
1948
[8]
[100]
1949
[7]
[100]
1950
[6]
[100]
1951
[5]
[100]
1952
[4]
[100]
1953
[3]
[100]
1 plus
1954
[32]
[100]
1955
[31]
[100]
1956
[30]
[100]
1957
[29]
[100]
1958
[28]
[100]
1959
[27]
[100]
1960
[26]
[100]
1961
[25]
[100]
1962
[24]
[100]
1963
[23]
[100]
1964
[22]
[100]
1965
[21]
[100]
1966
[20]
[100]
1967
[19]
[100]
1968
[18]
[100]
1969
[17]
[100]
1970
[16]
[100]
1971
[15]
[100]
1972
[14]
[100]
1973
[13]
[100]
1974
[12]
[100]
1975
[11]
[100]
1976
[10]
[100]
1977
[9]
[100]
1978
[8]
[100]
1979
[7]
[100]
1980
[6]
[100]
1981
[5]
[100]
1982
[4]
[100]
1983
[3]
[100]
1 plus
1984
[32]
[100]
1985
[31]
[100]
1986
[30]
[100]
1987
[29]
[100]
1988
[28]
[100]
1989
[27]
[100]
1990
[26]
[100]
1991
[25]
[100]
1992
[24]
[100]
1993
[23]
[100]
1994
[22]
[100]
1995
[21]
[100]
1996
[20]
[100]
1997
[19]
[100]
1998
[18]
[100]
1999
[17]
[100]
2000
[16]
[100]
2001
[15]
[100]
2002
[14]
[100]
2003
[13]
[100]
2004
[12]
[100]
2005
[11]
[100]
2006
[10]
[100]
2007
[9]
[100]
2008
[8]
[100]
2009
[7]
[100]
2010
[6]
[100]
2011
[5]
[100]
2012
[4]
[100]
2013
[3]
[100]
1 plus
2014
[32]
[100]
2015
[31]
[100]
2016
[30]
[100]
2017
[29]
[100]
2018
[28]
[100]
2019
[27]
[100]
2020
[26]
[100]
2021
[25]
[100]
2022
[24]
[100]
2023
[23]
[100]
2024
[22]
[100]
2025
[21]
[100]
2026
[20]
[100]
2027
[19]
[100]
2028
[18]
[100]
2029
[17]
[100]
2030
[16]
[100]
2031
[15]
[100]
2032
[14]
[100]
2033
[13]
[100]
2034
[12]
[100]
2035
[11]
[100]
2036
[10]
[100]
2037
[9]
[100]
2038
[8]
[100]
2039
[7]
[100]
2040
[6]
[100]
2041
[5]
[100]
2042
[4]
[100]
2043
[3]
[100]
1 plus
2044
[32]
[100]
2045
[31]
[100]
2046
[30]
[100]
2047
[29]
[100]
2048
[28]
[100]
2049
[27]
[100]
2050
[26]
[100]
2051
[25]
[100]
2052
[24]
[100]
2053
[23]
[100]
2054
[22]
[100]
2055
[21]
[100]
2056
[20]
[100]
2057
[19]
[100]
2058
[18]
[100]
2059
[17]
[100]
2060
[16]
[100]
2061
[15]
[100]
2062
[14]
[100]
2063
[13]
[100]
2064
[12]
[100]
2065
[11]
[100]
2066
[10]
[100]
2067
[9]
[100]
2068
[8]
[100]
2069
[7]
[100]
2070
[6]
[100]
2071
[5]
[100]
2072
[4]
[100]
2073
[3]
[100]
1 plus
2074
[32]
[100]
2075
[31]
[100]
2076
[30]
[100]
2077
[29]
[100]
2078
[28]
[100]
2079
[27]
[100]
2080
[26]
[100]
2081
[25]
[100]
2082
[24]
[100]
2083
[23]
[100]
2084
[22]
[100]
2085
[21]
[100]
2086
[20]
[100]
2087
[19]
[100]
2088
[18]
[100]
2089
[17]
[100]
2090
[16]
[100]
2091
[15]
[100]
2092
[14]
[100]
2093
[13]
[100]
2094
[12]
[100]
2095
[11]
[100]
2096
[10]
[100]
2097
[9]
[100]
2098
[8]
[100]
2099
[7]
[100]
2100
[6]
[100]
2101
[5]
[100]
2102
[4]
[100]
2103
[3]
[100]
1 plus
2104
[32]
[100]
2105
[31]
[100]
2106
[30]
[100]
2107
[29]
[100]
2108
[28]
[100]
2109
[27]
[100]
2110
[26]
[100]
2111
[25]
[100]
2112
[24]
[100]
2113
[23]
[100]
2114
[22]
[100]
2115
[21]
[100]
2116
[20]
[100]
2117
[19]
[100]
2118
[18]
[100]
2119
[17]
[100]
2120
[16]
[100]
2121
[15]
[100]
2122
[14]
[100]
2123
[13]
[100]
2124
[12]
[100]
2125
[11]
[100]
2126
[10]
[100]
2127
[9]
[100]
2128
[8]
[100]
2129
[7]
[100]
2130
[6]
[100]
2131
[5]
[100]
2132
[4]
[100]
2133
[3]
[100]
1 plus
2134
[32]
[100]
2135
[31]
[100]
2136
[30]
[100]
2137
[29]
[100]
2138
[28]
[100]
2139
[27]
[100]
2140
[26]
[100]
2141
[25]
[100]
2142
[24]
[100]
2143
[23]
[100]
2144
[22]
[100]
2145
[21]
[100]
2146
[20]
[100]
2147
[19]
[100]
2148
[18]
[100]
2149
[17]
[100]
2150
[16]
[100]
2151
[15]
[100]
2152
[14]
[100]
2153
[13]
[100]
2154
[12]
[100]
2155
[11]
[100]
2156
[10]
[100]
2157
[9]
[100]
2158
[8]
[100]
2159
[7]
[100]
2160
[6]
[100]
2161
[5]
[100]
2162
[4]
[100]
2163
[3]
[100]
1 plus
2164
[32]
[100]
2165
[31]
[100]
2166
[30]
[100]
2167
[29]
[100]
2168
[28]
[100]
2169
[27]
[100]
2170
[26]
[100]
2171
[25]
[100]
2172
[24]
[100]
2173
[23]
[100]
2174
[22]
[100]
2175
[21]
[100]
2176
[20]
[100]
2177
[19]
[100]
2178
[18]
[100]
2179
[17]
[100]
2180
[16]
[100]
2181
[15]
[100]
2182
[14]
[100]
2183
[13]
[100]
2184
[12]
[100]
2185
[11]
[100]
2186
[10]
[100]
2187
[9]
[100]
2188
[8]
[100]
2189
[7]
[100]
2190
[6]
[100]
2191
[5]
[100]
2192
[4]
[100]
2193
[3]
[100]
1 plus
2194
[32]
[100]
2195
[31]
[100]
2196
[30]
[100]
2197
[29]
[100]
2198
[28]
[100]
2199
[27]
[100]
2200
[26]
[100]
2201
[25]
[100]
2202
[24]
[100]
2203
[23]
[100]
2204
[22]
[100]
2205
[21]
[100]
2206
[20]
[100]
2207
[19]
[100]
2208
[18]
[100]
2209
[17]
[100]
2210
[16]
[100]
2211
[15]
[100]
2212
[14]
[100]
2213
[13]
[100]
2214
[12]
[100]
2215
[11]
[100]
2216
[10]
[100]
2217
[9]
[100]
2218
[8]
[100]
2219
[7]
[100]
2220
[6]
[100]
2221
[5]
[100]
2222
[4]
[100]
2223
[3]
[100]
1 plus
2224
[32]
[100]
2225
[31]
[100]
2226
[30]
[100]
2227
[29]
[100]
2228
[28]
[100]
2229
[27]
[100]
2230
[26]
[100]
2231
[25]
[100]
2232
[24]
[100]
2233
[23]
[100]
2234
[22]
[100]
2235
[21]
[100]
2236
[20]
[100]
2237
[19]
[100]
2238
[18]
[100]
2239
[17]
[100]
2240
[16]
[100]
2241
[15]
[100]
2242
[14]
[100]
2243
[13]
[100]
2244
[12]
[100]
2245
[11]
[100]
2246
[10]
[100]
2247
[9]
[100]
2248
[8]
[100]
2249
[7]
[100]
2250
[6]
[100]
2251
[5]
[100]
2252
[4]
[100]
2253
[3]
[100]
1 plus
2254
[32]
[100]
2255
[31]
[100]
2256
[30]
[100]
2257
[29]
[100]
2258
[28]
[100]
2259
[27]
[100]
2260
[26]
[100]
2261
[25]
[100]
2262
[24]
[100]
2263
[23]
[100]
2264
[22]
[100]
2265
[21]
[100]
2266
[20]
[100]
2267
[19]
[100]
2268
[18]
[100]
2269
[17]
[100]
2270
[16]
[100]
2271
[15]
[100]
2272
[14]
[100]
2273
[13]
[100]
2274
[12]
[100]
2275
[11]
[100]
2276
[10]
[100]
2277
[9]
[100]
2278
[8]
[100]
2279
[7]
[100]
2280
[6]
[100]
2281
[5]
[100]
2282
[4]
[100]
2283
[3]
[100]
1 plus
2284
[32]
[100]
2285
[31]
[100]
2286
[30]
[100]
2287
[29]
[100]
2288
[28]
[100]
2289
[27]
[100]
2290
[26]
[100]
2291
[25]
[100]
2292
[24]
[100]
2293
[23]
[100]
2294
[22]
[100]
2295
[21]
[100]
2296
[20]
[100]
2297
[19]
[100]
2298
[18]
[100]
2299
[17]
[100]
2300
[16]
[100]
2301
[15]
[100]
2302
[14]
[100]
2303
[13]
[100]
2304
[12]
[100]
2305
[11]
[100]
2306
[10]
[100]
2307
[9]
[100]
2308
[8]
[100]
2309
[7]
[100]
2310
[6]
[100]
2311
[5]
[100]
2312
[4]
[100]
2313
[3]
[100]
1 plus
2314
[32]
[100]
2315
[31]
[100]
2316
[30]
[100]
2317
[29]
[100]
2318
[28]
[100]
2319
[27]
[100]
2320
[26]
[100]
2321
[25]
[100]
2322
[24]
[100]
2323
[23]
[100]
2324
[22]
[100]
2325
[21]
[100]
2326
[20]
[100]
2327
[19]
[100]
2328
[18]
[100]
2329
[17]
[100]
2330
[16]
[100]
2331
[15]
[100]
2332
[14]
[100]
2333
[13]
[100]
2334
[12]
[100]
2335
[11]
[100]
2336
[10]
[100]
2337
[9]
[100]
2338
[8]
[100]
2339
[7]
[100]
2340
[6]
[100]
2341
[5]
[100]
2342
[4]
[100]
2343
[3]
[100]
1 plus
2344
[32]
[100]
2345
[31]
[100]
2346
[30]
[100]
2347
[29]
[100]
2348
[28]
[100]
2349
[27]
[100]
2350
[26]
[100]
2351
[25]
[100]
2352
[24]
[100]
2353
[23]
[100]
2354
[22]
[100]
2355
[21]
[100]
2356
[20]
[100]
2357
[19]
[100]
2358
[18]
[100]
2359
[17]
[100]
2360
[16]
[100]
2361
[15]
[100]
2362
[14]
[100]
2363
[13]
[100]
2364
[12]
[100]
2365
[11]
[100]
2366
[10]
[100]
2367
[9]
[100]
2368
[8]
[100]
2369
[7]
[100]
2370
[6]
[100]
2371
[5]
[100]
2372
[4]
[100]
2373
[3]
[100]
1 plus
2374
[32]
[100]
2375
[31]
[100]
2376
[30]
[100]
2377
[29]
[100]
2378
[28]
[100]
2379
[27]
[100]
2380
[26]
[100]
2381
[25]
[100]
2382
[24]
[100]
2383
[23]
[100]
2384
[22]
[100]
2385
[21]
[100]
2386
[20]
[100]
2387
[19]
[100]
2388
[18]
[100]
2389
[17]
[100]
2390
[16]
[100]
2391
[15]
[100]
2392
[14]
[100]
2393
[13]
[100]
2394
[12]
[100]
2395
[11]
[100]
2396
[10]
[100]
2397
[9]
[100]
2398
[8]
[100]
2399
[7]
[100]
2400
[6]
[100]
2401
[5]
[100]
2402
[4]
[100]
2403
[3]
[100]
1 plus
2404
[32]
[100]
2405
[31]
[100]
2406
[30]
[100]
2407
[29]
[100]
2408
[28]
[100]
2409
[27]
[100]
2410
[26]
[100]
2411
[25]
[100]
2412
[24]
[100]
2413
[23]
[100]
2414
[22]
[100]
2415
[21]
[100]
2416
[20]
[100]
2417
[19]
[100]
2418
[18]
[100]
2419
[17]
[100]
2420
[16]
[100]
2421
[15]
[100]
2422
[14]
[100]
2423
[13]
[100]
2424
[12]
[100]
2425
[11]
[100]
2426
[10]
[100]
2427
[9]
[100]
2428
[8]
[100]
2429
[7]
[100]
2430
[6]
[100]
2431
[5]
[100]
2432
[4]
[100]
2433
[3]
[100]
1 plus
2434
[32]
[100]
2435
[31]
[100]
2436
[30]
[100]
2437
[29]
[100]
2438
[28]
[100]
2439
[27]
[100]
2440
[26]
[100]
2441
[25]
[100]
2442
[24]
[100]
2443
[23]
[100]
2444
[22]
[100]
2445
[21]
[100]
2446
[20]
[100]
2447
[19]
[100]
2448
[18]
[100]
2449
[17]
[100]
2450
[16]
[100]
2451
[15]
[100]
2452
[14]
[100]
2453
[13]
[100]
2454
[12]
[100]
2455
[11]
[100]
2456
[10]
[100]
2457
[9]
[100]
2458
[8]
[100]
2459
[7]
[100]
2460
[6]
[100]
2461
[5]
[100]
2462
[4]
[100]
2463
[3]
[100]
1 plus
2464
[32]
[100]
1 use
100
